clover.01.1.vec: 6.158151878 9.311848122 14.092638149
clover.01.2.vec: 8.388151878 11.541848122 10.938941905
clover.01.3.vec: 9.311848122 6.158151878 14.092638149
clover.01.4.vec: 11.541848122 8.388151878 10.938941905

clover.02.1.vec: -9.311848122 6.158151878 14.092638149
clover.02.2.vec: -11.541848122 8.388151878 10.938941905
clover.02.3.vec: -6.158151878 9.311848122 14.092638149
clover.02.4.vec: -8.388151878 11.541848122 10.938941905

clover.03.1.vec: -6.158151878 -9.311848122 14.092638149
clover.03.2.vec: -8.388151878 -11.541848122 10.938941905
clover.03.3.vec: -9.311848122 -6.158151878 14.092638149
clover.03.4.vec: -11.541848122 -8.388151878 10.938941905

clover.04.1.vec: 9.311848122 -6.158151878 14.092638149
clover.04.2.vec: 11.541848122 -8.388151878 10.938941905
clover.04.3.vec: 6.158151878 -9.311848122 14.092638149
clover.04.4.vec: 8.388151878 -11.541848122 10.938941905

clover.05.1.vec: 17.7 2.23 2.23
clover.05.2.vec: 17.7 2.23 -2.23
clover.05.3.vec: 17.7 -2.23 2.23
clover.05.4.vec: 17.7 -2.23 -2.23

clover.06.1.vec: 10.938941905 14.092638149 2.23
clover.06.2.vec: 10.938941905 14.092638149 -2.23
clover.06.3.vec: 14.092638149 10.938941905 2.23
clover.06.4.vec: 14.092638149 10.938941905 -2.23

clover.07.1.vec: -2.23 17.7 2.23
clover.07.2.vec: -2.23 17.7 -2.23
clover.07.3.vec: 2.23 17.7 2.23
clover.07.4.vec: 2.23 17.7 -2.23

clover.08.1.vec: -14.092638149 10.938941905 2.23
clover.08.2.vec: -14.092638149 10.938941905 -2.23
clover.08.3.vec: -10.938941905 14.092638149 2.23
clover.08.4.vec: -10.938941905 14.092638149 -2.23

clover.09.1.vec: -17.7 -2.23 2.23
clover.09.2.vec: -17.7 -2.23 -2.23
clover.09.3.vec: -17.7 2.23 2.23
clover.09.4.vec: -17.7 2.23 -2.23

clover.10.1.vec: -10.938941905 -14.092638149 2.23
clover.10.2.vec: -10.938941905 -14.092638149 -2.23
clover.10.3.vec: -14.092638149 -10.938941905 2.23
clover.10.4.vec: -14.092638149 -10.938941905 -2.23

clover.11.1.vec: 2.23 -17.7 2.23
clover.11.2.vec: 2.23 -17.7 -2.23
clover.11.3.vec: -2.23 -17.7 2.23
clover.11.4.vec: -2.23 -17.7 -2.23

clover.12.1.vec: 14.092638149 -10.938941905 2.23
clover.12.2.vec: 14.092638149 -10.938941905 -2.23
clover.12.3.vec: 10.938941905 -14.092638149 2.23
clover.12.4.vec: 10.938941905 -14.092638149 -2.23

clover.13.1.vec: 8.388151878 11.541848122 -10.938941905
clover.13.2.vec: 6.158151878 9.311848122 -14.092638149
clover.13.3.vec: 11.541848122 8.388151878 -10.938941905
clover.13.4.vec: 9.311848122 6.158151878 -14.092638149

clover.14.1.vec: -11.541848122 8.388151878 -10.938941905
clover.14.2.vec: -9.311848122 6.158151878 -14.092638149
clover.14.3.vec: -8.388151878 11.541848122 -10.938941905
clover.14.4.vec: -6.158151878 9.311848122 -14.092638149

clover.15.1.vec: -8.388151878 -11.541848122 -10.938941905
clover.15.2.vec: -6.158151878 -9.311848122 -14.092638149
clover.15.3.vec: -11.541848122 -8.388151878 -10.938941905
clover.15.4.vec: -9.311848122 -6.158151878 -14.092638149

clover.16.1.vec: 11.541848122 -8.388151878 -10.938941905
clover.16.2.vec: 9.311848122 -6.158151878 -14.092638149
clover.16.3.vec: 8.388151878 -11.541848122 -10.938941905
clover.16.4.vec: 6.158151878 -9.311848122 -14.092638149

