# Frame position 1
det.01.origin: 10.8984	0.17	-21.461 
det.01.x_vect: -0.00307576 0.999975 -0.006395 
det.01.y_vect: -0.62427 0.00307576 0.781203 
det.01.z_vect: 0.781203 0.006395 0.624245 

# Frame position 2
det.02.origin: 7.5376	8.3904	-21.4544 
det.02.x_vect: -0.705385 0.708891 0.00532196 
det.02.y_vect: -0.441316 -0.444886 0.779474 
det.02.z_vect: 0.554823	0.547375 0.62654 

# Frame position 3
det.03.origin: -0.696	11.7567	-21.4544 
det.03.x_vect: -0.999934 0.00485173 0.010385 
det.03.y_vect: 0.00485173 -0.641694 0.766946 
det.03.z_vect: 0.010385 0.766946 0.641628 

# Frame position 4
det.04.origin: -8.9397	7.7503	-21.4063 
det.04.x_vect: -0.712673 -0.70148 0.0169481 
det.04.y_vect: 0.459501	-0.448408 0.766754 
det.04.z_vect: -0.53016 0.554125 0.641775 

# Frame position 5
det.05.origin: -12.2089	0.2839	-22.1592 
det.05.x_vect: 0.000852977 -0.999998 -0.001888 
det.05.y_vect: 0.660974 -0.000852977 0.750408 
det.05.z_vect: -0.750408 -0.001888 0.660972 

# Frame position 6
det.06.origin: -8.6729	-7.4408	-21.4458 
det.06.x_vect: 0.717223 -0.696193 -0.0320626 
det.06.y_vect: 0.465423	0.44433	0.765463 
det.06.z_vect: -0.518637 -0.563901 0.642675 

# Frame position 7
det.07.origin: -0.7473	-11.1257 -21.5137 
det.07.x_vect: 0.999838 0.00765172 -0.016291 
det.07.y_vect: 0.00765172 0.638556 0.769537 
det.07.z_vect: 0.016291 -0.769537 0.638394 

# Frame position 8
det.08.origin: 7.1984	-8.1994	-21.3586 
det.08.x_vect: 0.699324	0.714445 -0.0222312 
det.08.y_vect: -0.433981 0.449003 0.78114 
det.08.z_vect: 0.568034 -0.536594 0.624022 

# Frame position 9
det.09.origin:  11.3165	0.5582	27.3025 
det.09.x_vect: 0.0042435 -0.999988 0.002461 
det.09.y_vect: -0.496619 -0.0042435 -0.867958 
det.09.z_vect: 0.867958 0.002461 -0.496631 

# Frame position 10
det.10.origin: 8.2542	-7.2499	27.2272 
det.10.x_vect: -0.708813 -0.705582 -0.00132671 
det.10.y_vect: -0.348953 0.352084 -0.868557 
det.10.z_vect: 0.613187 -0.615063 -0.495681 

# Frame position 11
det.11.origin: -0.1407 -10.8541 27.629 
det.11.x_vect: -0.999932 -0.0100947 0.005833 
det.11.y_vect: -0.0100947 0.499331 -0.866352 
det.11.z_vect: 0.005833 -0.866352 -0.499399 
 
# Frame position 12
det.12.origin: -7.7557	-7.5221	27.6778 
det.12.x_vect: -0.711617 0.702645 0.00366579 
det.12.y_vect: 0.342685	0.351707 -0.871282 
det.12.z_vect: -0.613373 -0.618644 -0.490972 

# Frame position 13
det.13.origin: -11.3238	0.4013	28.3703 
det.13.x_vect: -0.00723135 0.999965 0.004188 
det.13.y_vect: 0.497643	0.00723135 -0.867352 
det.13.z_vect:  -0.867352 -0.004188 -0.497678


# Frame position 14
det.14.origin: -7.8836	8.212	27.7932 
det.14.x_vect: 0.699599	0.714495 0.00621894 
det.14.y_vect: 0.348956 -0.334159 -0.875608 
det.14.z_vect: -0.623508 0.614713 -0.48308 

# Frame position 15
det.15.origin: -0.1684	11.5418	27.5888 
det.15.x_vect: 0.999751	0.0192801 0.011245 
det.15.y_vect: 0.0192801 -0.492157 -0.870293 
det.15.z_vect: -0.011245 0.870293 -0.492406 

# Frame position 16
det.16.origin: 7.7737	8.4316	27.6304 
det.16.x_vect: 0.718399	-0.695658 0.00922557 
det.16.y_vect: -0.347765 -0.370454 -0.861281 
det.16.z_vect: 0.602543 0.615503 -0.508033 
