# Frame position 1
det.01.origin: -5.0705554788 12.2414038058 -1.2
det.01.x_vect: 0.9238795325 0.3826834324 0.0
det.01.y_vect: 0.3826834324 -0.9238795325 0.0
det.01.z_vect: 0.0 0.0 -1.0

# Frame position 2
det.02.origin: -12.2414038058 5.0705554788 -1.2
det.02.x_vect: 0.3826834324 0.9238795325 0.0
det.02.y_vect: 0.9238795325 -0.3826834324 0.0
det.02.z_vect: 0.0 0.0 -1.0

# Frame position 3
det.03.origin: -12.2414038058 -5.0705554788 -1.2
det.03.x_vect: -0.3826834324 0.9238795325 0.0
det.03.y_vect: 0.9238795325 0.3826834324 0.0
det.03.z_vect: 0.0 0.0 -1.0

# Frame position 4
det.04.origin: -5.0705554788 -12.2414038058 -1.2
det.04.x_vect: -0.9238795325 0.3826834324 0.0
det.04.y_vect: 0.3826834324 0.9238795325 0.0
det.04.z_vect: 0.0 0.0 -1.0

# Frame position 5
det.05.origin: 5.0705554788 -12.2414038058 -1.2
det.05.x_vect: -0.9238795325 -0.3826834324 0.0
det.05.y_vect: -0.3826834324 0.9238795325 0.0
det.05.z_vect: 0.0 0.0 -1.0

# Frame position 6
det.06.origin: 12.2414038058 -5.0705554788 -1.2
det.06.x_vect: -0.3826834324 -0.9238795325 0.0
det.06.y_vect: -0.9238795325 0.3826834324 0.0
det.06.z_vect: 0.0 0.0 -1.0

# Frame position 7
det.07.origin: 12.2414038058 5.0705554788 -1.2
det.07.x_vect: 0.3826834324 -0.9238795325 0.0
det.07.y_vect: -0.9238795325 -0.3826834324 0.0
det.07.z_vect: 0.0 0.0 -1.0

# Frame position 8
det.08.origin: 5.0705554788 12.2414038058 -1.2
det.08.x_vect: 0.9238795325 -0.3826834324 0.0
det.08.y_vect: -0.3826834324 -0.9238795325 0.0
det.08.z_vect: 0.0 0.0 -1.0

# Frame position 9
det.09.origin: 5.0705554788 12.2414038058 1.2
det.09.x_vect: -0.9238795325 0.3826834324 0.0
det.09.y_vect: -0.3826834324 -0.9238795325 0.0
det.09.z_vect: 0.0 0.0 1.0

# Frame position 10
det.10.origin: 12.2414038058 5.0705554788 1.2
det.10.x_vect: -0.3826834324 0.9238795325 0.0
det.10.y_vect: -0.9238795325 -0.3826834324 0.0
det.10.z_vect: 0.0 0.0 1.0

# Frame position 11
det.11.origin: 12.2414038058 -5.0705554788 1.2
det.11.x_vect: 0.3826834324 0.9238795325 0.0
det.11.y_vect: -0.9238795325 0.3826834324 0.0
det.11.z_vect: 0.0 0.0 1.0

# Frame position 12
det.12.origin: 5.0705554788 -12.2414038058 1.2
det.12.x_vect: 0.9238795325 0.3826834324 0.0
det.12.y_vect: -0.3826834324 0.9238795325 0.0
det.12.z_vect: 0.0 0.0 1.0

# Frame position 13
det.13.origin: -5.0705554788 -12.2414038058 1.2
det.13.x_vect: 0.9238795325 -0.3826834324 0.0
det.13.y_vect: 0.3826834324 0.9238795325 0.0
det.13.z_vect: 0.0 0.0 1.0

# Frame position 14
det.14.origin: -12.2414038058 -5.0705554788 1.2
det.14.x_vect: 0.3826834324 -0.9238795325 0.0
det.14.y_vect: 0.9238795325 0.3826834324 0.0
det.14.z_vect: 0.0 0.0 1.0

# Frame position 15
det.15.origin: -12.2414038058 5.0705554788 1.2
det.15.x_vect: -0.3826834324 -0.9238795325 0.0
det.15.y_vect: 0.9238795325 -0.3826834324 0.0
det.15.z_vect: 0.0 0.0 1.0

# Frame position 16
det.16.origin: -5.0705554788 12.2414038058 1.2
det.16.x_vect: -0.9238795325 -0.3826834324 0.0
det.16.y_vect: 0.3826834324 -0.9238795325 0.0
det.16.z_vect: 0.0 0.0 1.0
